14 14 14 14 14 14 14 14 14 14 14 14 14 14 14 14 14 14 14 14 14 14 14 14 14 14 14 14 14 14 14 14 
14 14 14 14 14 14 14 14 14 14 14 14 14 14 14 14 14 14 14 14 14 14 14 14 14 14 14 14 14 14 14 14 
14 14 14 14 14 14 14 14 14 14 14 14 14 14 14 14 14 14 14 14 14 14 14 14 14 14 14 14 14 14 14 14 
14 14 14 14 14 14 14 14 14 14 14 14 14 14 14 14 14 14 14 14 14 14 14 19 19 14 14 14 14 14 14 14 
14 14 14 14 14 14 14 14 14 14 14 14 14 14 19 19 19 19 19 14 14 14 14 19 19 14 14 14 14 14 14 14 
14 14 14 14 14 14 14 14 14 14 14 14 14 19 19 14 14 14 19 19 14 14 14 19 19 14 14 14 14 14 14 14 
14 14 14 14 14 14 14 14 14 14 14 14 19 19 14 14 14 14 14 19 19 14 14 19 19 14 14 14 14 14 14 14 
14 14 14 14 14 14 14 14 14 14 14 14 19 19 14 14 14 14 14 19 19 14 14 19 19 14 19 19 19 19 14 14 
14 14 14 14 14 14 14 14 14 14 14 14 19 19 14 14 14 14 14 19 19 14 14 19 19 19 19 19 19 19 19 14 
14 14 14 14 14 14 14 14 14 14 14 14 19 19 14 14 14 14 14 19 19 14 14 19 19 19 14 14 14 19 19 14 
14 14 14 14 14 14 14 14 14 14 14 14 14 19 19 19 19 19 19 19 19 14 14 19 19 14 14 14 14 14 19 19 
14 14 14 14 14 14 14 14 14 14 14 14 14 14 19 19 19 19 19 19 19 14 14 19 19 14 14 14 14 14 19 19 
14 19 19 14 14 14 14 14 14 14 14 14 19 19 19 14 14 14 14 19 19 14 14 19 19 14 14 14 14 14 19 19 
19 19 19 19 14 14 14 14 14 14 19 19 19 19 19 19 14 14 14 19 14 14 14 19 19 14 14 14 14 14 19 19 
14 14 14 19 19 14 14 14 14 19 19 14 14 14 14 14 14 14 19 19 14 14 14 19 19 19 14 14 14 19 19 14 
14 14 14 19 19 14 14 14 19 19 14 14 14 19 14 14 19 19 19 14 14 14 14 19 19 19 19 14 19 19 19 14 
14 14 14 19 19 14 14 14 19 19 14 14 14 19 19 19 19 19 14 14 14 14 14 19 19 14 19 19 19 19 14 14 
14 14 14 19 19 14 14 14 19 19 14 14 14 14 14 14 14 14 14 14 14 14 14 14 14 14 14 14 14 14 14 14 
14 14 14 19 19 14 14 14 19 19 19 19 19 19 19 14 14 14 14 14 14 14 14 14 14 14 14 14 14 14 14 14 
14 14 14 19 19 14 14 14 19 19 14 14 14 19 19 19 14 14 14 14 14 14 14 14 14 14 14 14 14 14 14 14 
14 14 14 19 19 14 14 14 19 19 14 14 14 14 19 19 14 14 14 14 14 14 14 14 14 14 14 14 14 14 14 14 
19 19 19 19 19 19 19 14 19 14 14 14 14 14 19 19 14 14 14 14 14 14 14 14 14 14 14 14 14 14 14 14 
14 14 14 19 19 14 14 14 19 19 14 14 14 14 19 19 14 14 14 14 14 14 14 14 14 14 14 14 14 14 14 14 
14 14 14 19 19 14 14 14 19 19 14 14 14 14 19 19 14 14 14 14 14 14 14 14 14 14 14 14 14 14 14 14 
14 14 14 14 14 14 14 14 14 19 19 19 19 19 19 14 14 14 14 14 14 14 14 14 14 14 14 14 14 14 14 14 
14 14 14 14 14 14 14 14 14 14 14 19 19 14 14 14 14 14 14 14 14 14 14 14 14 14 14 14 14 14 14 14 
14 14 14 14 14 14 14 14 14 14 14 14 14 14 14 14 14 14 14 14 14 14 14 14 14 14 14 14 14 14 14 14 
14 14 14 14 14 14 14 14 14 14 14 14 14 14 14 14 14 14 14 14 14 14 14 14 14 14 14 14 14 14 14 14 
14 14 14 14 14 14 14 14 14 14 14 14 14 14 14 14 14 14 14 14 14 14 14 14 14 14 14 14 14 14 14 14 
14 14 14 14 14 14 14 14 14 14 14 14 14 14 14 14 14 14 14 14 14 14 14 14 14 14 14 14 14 14 14 14 
14 14 14 14 14 14 14 14 14 14 14 14 14 14 14 14 14 14 14 14 14 14 14 14 14 14 14 14 14 14 14 14 
14 14 14 14 14 14 14 14 14 14 14 14 14 14 14 14 14 14 14 14 14 14 14 14 14 14 14 14 14 14 14 14 
27 27 27 27 27 27 27 27 27 27 27 27 27 27 27 27 27 27 27 27 27 27 27 27 27 27 27 27 27 27 27 27 
14 14 14 19 19 14 14 14 19 19 14 14 14 14 19 14 19 19 14 14 19 19 14 14 14 19 19 14 14 19 19 19 
14 14 19 14 14 19 14 19 14 14 19 14 14 19 14 19 14 14 19 14 19 14 19 14 19 14 14 19 14 14 19 14 
14 14 19 14 14 14 14 19 14 14 14 14 14 19 14 19 14 14 19 14 19 19 14 14 19 14 14 19 14 14 19 14 
14 14 19 14 19 19 14 19 14 19 19 14 19 14 14 14 19 19 19 14 19 14 19 14 14 19 19 19 14 14 19 14 
14 14 19 14 14 19 14 19 14 14 19 14 19 14 14 14 14 14 19 14 19 14 19 14 14 14 14 19 14 14 19 14 
19 14 14 19 19 14 14 14 19 19 14 19 14 14 14 14 19 19 14 14 19 19 14 14 14 19 19 14 14 14 19 14 
